0 1110470797697430324737791481334376852674527614241406853551276673196287688810 20769593981329503359485070499663658493368342077735824562607977802479940550297 1
0 372726195064295085071566366130689492467475810009502365368623947821163849803 0
0 14675578421246076303301607759747505003875053629486943435912385165121193576766 20759023607762047930490295326192804724065302812993555174232959429103336115689 1
0 18586454032685395053486750369009294563745359105243035117285002044631651206578 18443876889521046000948509481588996014785489668206319116438473153456207893814 0
0 9757885073096833140339357510995263024498499449091454090683121052876421756873 1
0 13458134810430680125680426153317603590668576054008408033632073325368374308815 11729201432659830079042685176710084326529758790913153793888861335768894742074 1
0 14497525991059350418237486675962594269788326880982283406394903209454489156705 2584365867977674748327824053263318911702948255723991846969630968535800002529 0
0 9779318874053826305657102211046522189668384361780568487321254173694272762944 1
9
9
0
1
2
3
4
5
6
7
8
9
0 5154115652041009847958844024841442035423146869556254122019983951968893058946 0
0 7498845639193479267869418105021898869432968634254201367106873669728908415084 1
0 8219623559192387524143809172137095389866618081335452694582022140706010729279 1
0 6746966317953710720206370734121281168389646155743617021838983604465963251612 1
0 21530254032653892927044286795086981043553193650583172820394390080072432450072 0
0 19616045557006057059030317971174659114144329086249055188063409211179563110053 1
0 4257066634312776827412941528697796247592941444986174614102814030443636545491 1
0 1737592821460798534831200898446227389917320315817366498395727430265617642094 1
0 11679957664438341637240324941841114924354376666191459798186083961542467485074 1


